0.00000000 -0.11005485 -0.33117511 -0.37147196 -0.35689429 -0.40862139 -0.55302256 -1.35358110 -1.37005263 -0.57936541 -0.40921660 -0.26211124 -0.35809481 -0.28787799 -0.29006062 -0.62547059 -0.55227419 -0.76592413 -0.63050930 -0.31927837 -0.29129789 -0.35768524 -0.43556190 -0.41454250 -0.53540386 -1.43241008 -1.44168768 -0.54814812 -0.72910732 -0.55383223 -0.22205883 
0.00000000 -0.08315692 -1.09689978 -1.15915009 -1.18559324 -0.63543469 -0.72779799 -1.33480938 -1.35248462 -0.90561038 -0.88474774 -1.01861370 -1.05900013 -1.10503563 -1.03911203 -0.79672045 -0.73771851 -0.90245513 -0.73153994 -0.56060065 -0.48431704 -0.52202303 -0.53331334 -0.53850639 -0.56632711 -1.29198794 -1.27717299 -0.51041546 -0.51705016 -0.51107226 -0.45204548 
0.39312010 -0.34370874 -0.30963131 -1.29402732 -1.29476771 -1.29884031 -1.32014582 -1.33072556 -1.35022663 -1.34998852 -1.25657541 -1.33253098 -1.31790209 -1.26658881 -1.21513320 -1.18240140 -0.69191303 -1.34150595 -1.27235203 -1.22898577 -1.15668892 -1.11978218 -1.28367801 -1.30203827 -1.29426381 -1.28496903 -1.27462809 -0.34399674 -0.37957166 -1.08781955 -0.50308853 
0.42074788 -0.32600645 -1.29296888 -1.29255653 -1.29207924 -1.29585160 -1.30640616 -1.32556963 -1.34354835 -1.34970352 -1.34717971 -1.32927894 -1.31813617 -1.27150229 -1.21670785 -1.30846884 -1.34744599 -1.33210017 -1.30053639 -1.29139681 -1.25965412 -1.26069230 -1.26413723 -1.27014367 -1.28292159 -1.27714798 -1.27387613 -1.16163603 -0.58843133 -0.78284991 -0.46641221 
0.00000000 -0.27295761 -1.29223266 -1.29026096 -1.29008577 -1.29414709 -1.17223939 -1.09223115 -1.30695448 -1.33770798 -1.26573641 -1.25682679 -1.30634081 -0.94660341 -0.76866924 -1.02731921 -1.34909809 -0.89056772 -0.78601750 -1.25775577 -1.27512674 -1.20960239 -1.20525788 -1.28048252 -1.29050800 -1.21681789 -1.28050142 -1.20429554 -1.10636568 -0.53558443 -0.53808451 
-0.89002675 -0.30906314 -1.29004917 -1.28811061 -1.28833749 -1.29128935 -1.02975371 -0.87579822 -1.08832948 -1.33349016 -1.09161743 -0.97381923 -1.29327349 -0.75366339 -0.69771562 -0.91202011 -1.34139558 -0.84698045 -0.71213854 -1.11169726 -1.33599655 -0.80024427 -0.85234114 -1.18684693 -1.27340120 -0.81500362 -1.00158804 -1.27826659 -1.27946463 -0.77106382 -0.52349899 
-0.74795382 -0.53297442 -1.29812635 -1.28974704 -1.28697886 -1.28659923 -0.96253634 -0.79412848 -1.06695920 -1.30323350 -0.83381299 -0.99503855 -1.29659950 -0.90014874 -0.73463449 -0.98855419 -1.33548745 -0.84958129 -0.73796809 -1.24991402 -1.34713820 -0.74224753 -0.78617542 -1.21592530 -1.21468476 -0.72845057 -0.83660291 -1.26528917 -1.26165291 -0.85352572 -0.44889994 
-0.58527383 -0.60093506 -1.31359629 -1.30517876 -1.29064142 -1.29092764 -0.91568773 -0.78954629 -0.83842172 -1.27978973 -0.74426636 -0.90666017 -1.29752274 -0.94703867 -0.69730647 -1.14922265 -1.34566610 -0.84493611 -0.75780195 -1.16744628 -1.34907786 -0.73411007 -0.79336970 -1.29104733 -1.13295371 -0.65839738 -0.72978320 -1.25035033 -1.26002616 -0.74501907 -0.41962099 
-0.94814751 -0.65260895 -1.32096826 -1.31446635 -1.29311925 -1.29356255 -0.79409403 -0.71164908 -1.05195306 -1.28148951 -0.70597275 -0.87218233 -1.29675149 -0.89945624 -0.78599674 -1.10884599 -1.35253695 -0.83433866 -0.76191776 -1.30529255 -1.35137501 -0.73744930 -0.81203321 -1.30040166 -1.11326180 -0.66174496 -0.73906652 -1.25494581 -1.27048488 -0.69318790 -0.66868169 
-0.83984044 -0.66314425 -1.32953703 -1.32262913 -1.30429193 -1.29821995 -0.85441769 -0.65184122 -0.96915465 -1.27465051 -0.69972665 -0.87498388 -1.29070138 -0.93401572 -0.84183719 -1.13813534 -1.36266436 -0.86789184 -0.73442951 -1.29776913 -1.36196249 -0.77397098 -0.79437961 -1.30976773 -1.11295507 -0.62652179 -0.70452880 -1.26929367 -1.18468062 -0.67599393 -0.60811344 
-0.60665219 -0.73640662 -1.33349346 -1.32829856 -1.31282641 -1.30310024 -1.00386839 -0.70005420 -0.99528168 -1.24051706 -0.68436081 -0.87014461 -1.28525610 -0.94106957 -0.96667920 -0.97117764 -1.36793707 -0.84058216 -0.72463249 -1.35384971 -1.36409023 -0.75237320 -0.79365739 -1.31434014 -1.09923982 -0.61951167 -0.72868138 -1.27252735 -1.16701287 -0.50192230 -0.15648393 
-0.56085094 -0.60523321 -1.33170405 -1.32813225 -1.31520361 -1.30721845 -1.04708000 -0.73701251 -0.88619564 -1.20417729 -0.76402395 -0.87925617 -1.28161303 -1.11378681 -0.93482423 -1.15082039 -1.37148544 -0.87951116 -0.76647993 -1.30418033 -1.36463595 -0.78106360 -0.82474968 -1.05514943 -1.07664151 -0.63158730 -0.72284428 -1.26893897 -1.09747539 -0.44957512 -0.09528850 
-0.80859004 -0.45647806 -1.33249968 -1.32667625 -1.31923784 -1.02198414 -0.85945507 -0.80226437 -1.00635641 -1.12764772 -0.76219369 -0.98767944 -1.28038577 -1.05244847 -0.96499674 -1.17752610 -1.37467572 -0.89459325 -0.79142598 -1.35585166 -1.36163455 -0.71621349 -0.73988352 -1.11579991 -1.01239087 -0.60859696 -0.74150590 -1.26975396 -1.13395386 -0.38188246 -0.24117866 
-1.16576187 -0.21782854 -1.33328804 -1.01774398 -1.13206088 -0.81842274 -0.78314623 -0.79343524 -0.95798869 -1.16285108 -0.90104958 -0.96399588 -1.28357814 -1.07551030 -0.97369021 -1.34133000 -1.37392873 -0.91515700 -0.81460283 -1.35840558 -1.35753084 -0.66984272 -0.73118431 -1.04378390 -0.90449515 -0.59838697 -0.76899323 -1.27054956 -1.17780380 -0.42838032 -0.58506846 
-1.15994970 -0.30861871 -1.33209971 -0.93066608 -0.86820519 -0.78234087 -0.76150583 -0.80020310 -1.00609264 -1.00310527 -0.76714295 -1.08257428 -1.28513688 -1.04907925 -0.93655998 -1.33781719 -1.37405448 -0.86867050 -0.78567622 -1.36051153 -1.36346871 -0.62903191 -0.73731596 -1.15324376 -0.91191377 -0.60744698 -0.80135469 -1.26972429 -1.27392993 -0.58641337 -0.67592801 
-1.16422436 -0.25053700 -1.32383485 -1.31163845 -0.61353279 -0.68314864 -0.59507604 -0.83154774 -0.93373640 -1.05020417 -0.82485753 -0.90095977 -1.28213492 -0.91582272 -0.89477251 -1.32617525 -1.36529143 -0.78808799 -0.79066174 -1.35681681 -1.36617961 -0.61260051 -0.86075933 -1.08747233 -0.90057093 -0.60419359 -0.74197425 -1.26993789 -1.28061210 -0.66850396 -0.62415626 
-1.16732710 -0.26965327 -1.31580209 -1.31513167 -0.71237232 -0.64846579 -0.52355659 -0.88579278 -1.10293096 -1.00037058 -0.81623501 -1.09255951 -1.27827921 -0.70777255 -0.76544140 -1.35429488 -1.35929011 -0.77632934 -0.86337355 -1.34992752 -1.34614271 -0.61728836 -0.78727723 -1.15058057 -0.93721523 -0.62734194 -0.82987488 -1.25422482 -1.27743603 -0.64031971 -0.51801063 
-1.14075234 -0.42331916 -1.28672679 -1.31650768 -0.67117264 -0.44646660 -0.47158770 -0.92818463 -1.02432439 -0.76497364 -0.80463314 -1.00568856 -1.28648980 -0.77135476 -0.82186673 -0.89050754 -0.51907478 -0.84279706 -0.92460377 -1.35073471 -1.33175012 -0.62740502 -0.75438655 -1.31563433 -0.94246114 -0.59323092 -0.73760291 -1.28686194 -1.29133594 -0.64079466 -0.55106474 
0.00000000 -0.22987840 -0.20353062 -0.50743215 -0.86733675 -0.43614630 -0.64626919 -0.92684672 -0.32223351 -0.31058950 -0.80897031 -0.87582967 -0.84327030 -0.29140733 -0.74100874 -0.67978078 -0.61080275 -0.86031695 -1.05914060 -1.25579229 -1.14908198 -0.70103929 -0.89942607 -1.23966467 -1.01587178 -0.61911271 -0.84023968 -0.38053228 -0.30192979 -0.53247155 -0.45744118 
0.00000000 -0.68810157 -0.77376395 -0.60565793 -0.56711413 -0.11753997 0.00657001 -0.21151282 -0.34202347 -0.76649929 -0.45438259 -0.46053590 -0.58864101 -0.19289889 -0.13255818 -0.20070088 -0.34076742 -0.65351977 -0.82730461 -0.81318118 -0.50998504 -0.29506501 -0.36768817 -0.38169645 -0.66533309 -0.57756715 -0.66035279 -0.67401309 -0.89364697 -0.49609723 -0.37564869 
0.00000000 0.00561020 -0.34350429 -0.29806341 -0.27706335 -0.00848237 0.00000000 0.21859842 0.05840316 0.13529074 -0.29013806 -0.28908520 -0.16077979 0.03899179 0.00000000 0.00000000 0.03643040 -0.42314330 -0.42336735 -0.47315703 -0.46809984 -0.32849065 -0.25540042 -0.43527238 -0.37152922 -0.36701979 -0.35483458 -0.12902764 -0.40299666 0.17230447 0.33368673 
